2010	39
2011	52.99142
2012	74.35897
2013	105.05055
2014	155.55572
2015	228.31388
2016	318.55652
2017	406.97199
2018	496.16171
2019	617.37353
2020	754.60183
2021	892
2022	1131.6
2023	1357.57818
2024	1572.43241
2025	1786.92286
2026	2015.49429
2027	2249.88455
2028	2498.52091
2029	2766.75107
2030	3020
2031	3303.57851
2032	3560.74517
2033	3820.0035
2034	4077.50488
2035	4342.0872
2036	4605.94437
2037	4856.33873
2038	5108.58477
2039	5357.08108
2040	5573
2041	5816.83273
2042	6030.42884
2043	6233.28776
2044	6436.14668
2045	6631.19769
2046	6823.50538
2047	7003.17714
2048	7173.337
2049	7321.47867
2050	7464